﻿Year;Internet Users;Penetration (% of Pop);World Population;Non-Users;1Y User %;1Y User %;World Pop. %
2016;3424971237;46.1 ;7432663275;4007692038;7.5 ;238975082;1.13 
2015;3185996155;43.4 ;7349472099;4163475944;7.8 ;229610586;1.15 
2014;2956385569;40.7 ;7265785946;4309400377;8.4 ;227957462;1.17 
2013;2728428107;3800;7181715139;4453287032;9.4 ;233691859;1.19 
2012;2494736248;35.1 ;7097500453;4602764205;11.8 ;262778889;1.2 
2011;2231957359;31.8 ;7013427052;4781469693;10.3 ;208754385;1.21 
2010;2023202974;29.2 ;6929725043;4906522069;14.5 ;256799160;1.22 
2009;1766403814;25.8 ;6846479521;5080075707;12.1 ;191336294;1.22 
2008;1575067520;23.3 ;6763732879;5188665359;14.7 ;201840532;1.23 
2007;1373226988;20.6 ;6681607320;5308380332;18.1 ;210310170;1.23 
2006;1162916818;17.6 ;6600220247;5437303429;12.9 ;132815529;1.24 
2005;1030101289;15.8 ;6519635850;5489534561;12.8 ;116773518;1.24 
2004;913327771;14.2 ;6439842408;5526514637;16.9 ;131891788;1.24 
2003;781435983;12.3 ;6360764684;5579328701;17.5 ;116370969;1.25 
2002;665065014;10.6 ;6282301767;5617236753;32.4 ;162772769;1.26 
2001;502292245;8.1 ;6204310739;5702018494;21.1 ;87497288;1.27 
2000;414794957;6.8 ;6126622121;5711827164;47.3 ;133257305;1.28